0 0.3890625 0.3953125 0.1609375 0.65078125
0 0.25859375 0.31171875 0.125 0.5390625
0 0.18828125 0.6609375 0.24296875 0.57421875
3 0.38125 0.203125 0.05 0.06015625
3 0.23515625 0.1515625 0.03984375 0.03515625
3 0.15859375 0.61171875 0.08984375 0.04765625
1 0.57578125 0.759375 0.07890625 0.12265625
1 0.3578125 0.50703125 0.05078125 0.07734375
1 0.4453125 0.4625 0.04609375 0.08046875
1 0.30234375 0.26796875 0.0375 0.05625
1 0.2359375 0.42421875 0.04609375 0.06484375
0 0.8421875 0.53125 0.3140625 0.71171875
1 0.6671875 0.77578125 0.09453125 0.1046875