3 0.1359375 0.409375 0.05234375 0.0390625
3 0.228125 0.496875 0.03984375 0.04296875
3 0.55234375 0.41015625 0.03671875 0.03125
1 0.09453125 0.6609375 0.08671875 0.06015625
0 0.1203125 0.59921875 0.13515625 0.60546875
0 0.22421875 0.6703125 0.15234375 0.57265625
0 0.3734375 0.63515625 0.0984375 0.5265625
0 0.45234375 0.61484375 0.13359375 0.575
0 0.5328125 0.6140625 0.08203125 0.4734375
0 0.56875 0.540625 0.12421875 0.50390625
0 0.69453125 0.62109375 0.12265625 0.6171875
0 0.8375 0.5953125 0.1140625 0.60703125
0 0.9140625 0.59765625 0.11171875 0.5640625