3 0.11328125 0.4375 0.046875 0.06015625
3 0.28671875 0.51015625 0.0328125 0.06015625
3 0.35390625 0.5171875 0.03828125 0.03984375
3 0.48125 0.425 0.04609375 0.05
3 0.6109375 0.4484375 0.05 0.0375
3 0.77265625 0.44375 0.05390625 0.04765625
2 0.1125 0.3859375 0.0875 0.0625
2 0.28359375 0.47890625 0.053125 0.05234375
2 0.35625 0.49140625 0.05859375 0.0578125
2 0.47578125 0.39140625 0.06875 0.07734375
2 0.60859375 0.4125 0.0484375 0.0453125
2 0.77421875 0.4125 0.0625 0.0453125
1 0.02578125 0.7421875 0.0515625 0.11015625
1 0.19375 0.70390625 0.07578125 0.12734375
1 0.2515625 0.73125 0.09453125 0.0921875
1 0.33828125 0.68984375 0.06875 0.08515625
1 0.40859375 0.6734375 0.065625 0.10234375
1 0.53125 0.64375 0.0515625 0.07265625
1 0.67890625 0.6609375 0.05703125 0.1125
1 0.7109375 0.6734375 0.053125 0.1078125
1 0.8375 0.7046875 0.05 0.08984375
0 0.11484375 0.60390625 0.18125 0.6375
0 0.2578125 0.5890625 0.14140625 0.54765625
0 0.35078125 0.5984375 0.0875 0.4828125
0 0.4875 0.5796875 0.1203125 0.5453125
0 0.60859375 0.6453125 0.1484375 0.6296875
0 0.78046875 0.6671875 0.153125 0.6203125