3 0.09375 0.48203125 0.1296875 0.153125
3 0.5890625 0.378125 0.0875 0.08671875
3 0.79921875 0.2875 0.0484375 0.06015625
3 0.7078125 0.328125 0.0390625 0.0578125
2 0.0828125 0.39765625 0.13125 0.08671875
2 0.403125 0.39140625 0.1109375 0.07734375
2 0.48671875 0.31015625 0.0890625 0.084375
2 0.5859375 0.33515625 0.0921875 0.0890625
2 0.70546875 0.29609375 0.0609375 0.0375
1 0.26796875 0.84375 0.15390625 0.19765625
1 0.3796875 0.46796875 0.10234375 0.11953125
1 0.55390625 0.65546875 0.10234375 0.1578125
1 0.725 0.46875 0.0578125 0.06875
1 0.80546875 0.4703125 0.06640625 0.09765625
1 0.87109375 0.3890625 0.04765625 0.08203125
0 0.13828125 0.590625 0.25390625 0.77421875
0 0.3984375 0.4875 0.20234375 0.58125
0 0.46640625 0.41015625 0.1171875 0.38125
0 0.59296875 0.38828125 0.12890625 0.50078125
0 0.6484375 0.31796875 0.1046875 0.32578125
0 0.70546875 0.34609375 0.07109375 0.26640625
0 0.7484375 0.29453125 0.06015625 0.23046875
0 0.809375 0.32734375 0.06875 0.26796875
0 0.8328125 0.278125 0.05234375 0.17109375
0 0.93671875 0.4171875 0.1234375 0.4390625