3 0.22890625 0.22421875 0.0578125 0.115625
3 0.47421875 0.153125 0.06796875 0.09765625
3 0.6390625 0.25 0.05078125 0.08671875
3 0.80859375 0.25 0.0765625 0.1
1 0.1453125 0.78359375 0.08671875 0.1796875
1 0.31640625 0.74453125 0.05 0.21796875
1 0.3609375 0.67578125 0.0640625 0.18203125
1 0.5625 0.728125 0.09140625 0.1578125
1 0.715625 0.7546875 0.0578125 0.20234375
1 0.87890625 0.778125 0.07109375 0.10234375
0 0.234375 0.50859375 0.23359375 0.92890625
0 0.446875 0.5046875 0.2125 0.978125
0 0.64296875 0.52109375 0.134375 0.9578125
0 0.82890625 0.52890625 0.2046875 0.7953125