3 0.39921875 0.403125 0.03671875 0.05078125
3 0.5296875 0.35234375 0.034375 0.0421875
3 0.6875 0.35 0.034375 0.09140625
3 0.928125 0.32890625 0.06015625 0.04453125
1 0.03984375 0.09296875 0.0625 0.13359375
1 0.36640625 0.04765625 0.06640625 0.0953125
1 0.3890625 0.25 0.06328125 0.06015625
1 0.52265625 0.20234375 0.0609375 0.0796875
1 0.64296875 0.17578125 0.03671875 0.07578125
1 0.71796875 0.13984375 0.05859375 0.0796875
1 0.9171875 0.09296875 0.0921875 0.07109375
0 0.221875 0.5 0.39296875 1
0 0.40234375 0.54140625 0.121875 0.753125
0 0.521875 0.50859375 0.15 0.79140625
0 0.671875 0.5203125 0.1390625 0.90703125
0 0.91328125 0.51015625 0.13359375 0.89140625