3 0.37265625 0.21875 0.05859375 0.0671875
3 0.521875 0.1953125 0.05 0.0703125
3 0.7515625 0.21640625 0.046875 0.0578125
3 0.209375 0.19765625 0.0515625 0.0703125
3 0.13984375 0.1859375 0.05 0.05234375
1 0.06953125 0.38359375 0.06796875 0.0828125
1 0.290625 0.53359375 0.0984375 0.1828125
1 0.3859375 0.4625 0.09140625 0.1453125
1 0.52578125 0.3515625 0.08828125 0.1625
1 0.6328125 0.4828125 0.028125 0.1453125
1 0.75703125 0.3234375 0.08359375 0.2125
0 0.1546875 0.5109375 0.25703125 0.89765625
0 0.365625 0.5046875 0.19140625 0.9453125
0 0.5421875 0.50625 0.1484375 0.9125
0 0.7390625 0.53203125 0.1625 0.9359375