3 0.34453125 0.2296875 0.04375 0.04296875
3 0.45078125 0.24375 0.0578125 0.07109375
3 0.51953125 0.19453125 0.0515625 0.07578125
3 0.5953125 0.225 0.0734375 0.08984375
3 0.72734375 0.1609375 0.065625 0.06171875
3 0.16171875 0.15625 0.05 0.05234375
3 0.29765625 0.15546875 0.06875 0.059375
2 0.159375 0.13125 0.065625 0.05
2 0.44296875 0.1921875 0.0578125 0.05703125
2 0.33984375 0.196875 0.08203125 0.04296875
2 0.596875 0.17734375 0.08671875 0.05703125
2 0.71640625 0.10390625 0.07265625 0.07578125
1 0.103125 0.475 0.12421875 0.11640625
1 0.20546875 0.47890625 0.09765625 0.05703125
1 0.27578125 0.63125 0.059375 0.11640625
1 0.4125 0.6265625 0.0765625 0.0921875
1 0.50625 0.57109375 0.0578125 0.1140625
1 0.66875 0.6171875 0.06953125 0.13515625
1 0.78984375 0.51875 0.03828125 0.11875
0 0.13984375 0.525 0.18671875 0.9125
0 0.28359375 0.4125 0.1 0.6875
0 0.346875 0.57109375 0.159375 0.78203125
0 0.4359375 0.52734375 0.11875 0.903125
0 0.50703125 0.31875 0.08984375 0.53828125
0 0.60546875 0.5484375 0.1359375 0.903125
0 0.75390625 0.51015625 0.1828125 0.9796875