3 0.43984375 0.35546875 0.07578125 0.07109375
3 0.31953125 0.375 0.08828125 0.0859375
3 0.72890625 0.39453125 0.075 0.084375
2 0.72890625 0.35625 0.07578125 0.084375
2 0.44609375 0.32109375 0.071875 0.06953125
1 0.21953125 0.54296875 0.04765625 0.10546875
1 0.2875 0.55078125 0.0515625 0.12109375
1 0.35859375 0.5421875 0.03984375 0.1421875
1 0.4015625 0.50390625 0.06171875 0.07109375
1 0.6890625 0.584375 0.0703125 0.09609375
0 0.2765625 0.4921875 0.21171875 0.56015625
0 0.42421875 0.4796875 0.1765625 0.571875
0 0.709375 0.57578125 0.2296875 0.6625