3 0.14609375 0.2390625 0.04921875 0.0578125
3 0.43671875 0.2375 0.05546875 0.0546875
3 0.60625 0.2140625 0.06796875 0.07734375
3 0.88203125 0.2328125 0.06328125 0.0796875
1 0.0921875 0.4765625 0.1078125 0.1375
1 0.25078125 0.55390625 0.0890625 0.1671875
1 0.3671875 0.43984375 0.08125 0.1203125
1 0.453125 0.48125 0.05078125 0.1328125
1 0.65 0.4125 0.096875 0.1453125
1 0.79140625 0.6046875 0.06328125 0.2046875
1 0.915625 0.36640625 0.0765625 0.0828125
0 0.14296875 0.53125 0.2859375 0.9125
0 0.40703125 0.52265625 0.1953125 0.95
0 0.58203125 0.5375 0.1765625 0.9203125
0 0.8765625 0.5421875 0.21875 0.91015625