3 0.23828125 0.25546875 0.0515625 0.07421875
3 0.3046875 0.32265625 0.0390625 0.06875
3 0.3765625 0.36875 0.034375 0.0546875
3 0.4203125 0.40859375 0.0203125 0.040625
3 0.48203125 0.4125 0.02265625 0.0328125
3 0.528125 0.53828125 0.03984375 0.0390625
3 0.5359375 0.4203125 0.028125 0.03671875
3 0.5859375 0.4203125 0.02578125 0.03671875
3 0.615625 0.4171875 0.02109375 0.03671875
3 0.65859375 0.38046875 0.03203125 0.05703125
3 0.721875 0.2703125 0.0390625 0.06796875
3 0.77109375 0.17265625 0.05234375 0.09921875
1 0.51796875 0.621875 0.028125 0.0671875
1 0.54140625 0.72578125 0.02265625 0.053125
1 0.94375 0.67421875 0.08125 0.196875
1 0.7015625 0.421875 0.03828125 0.1140625
1 0.45625 0.47890625 0.04765625 0.0765625
1 0.31015625 0.47578125 0.0375 0.1046875
1 0.12265625 0.7234375 0.075 0.10859375
1 0.3078125 0.475 0.0296875 0.1046875
1 0.3375 0.46171875 0.0390625 0.096875
1 0.390625 0.496875 0.0265625 0.071875
1 0.45 0.4984375 0.03828125 0.05234375
1 0.46796875 0.46953125 0.02265625 0.06328125
1 0.584375 0.50234375 0.0265625 0.07421875
1 0.61640625 0.5171875 0.01953125 0.06875
1 0.55546875 0.46640625 0.015625 0.02890625
1 0.52109375 0.46484375 0.02578125 0.04453125
0 0.8578125 0.52265625 0.284375 0.9359375
0 0.14921875 0.5640625 0.2734375 0.871875
0 0.2859375 0.6109375 0.115625 0.778125
0 0.37109375 0.63671875 0.06953125 0.7109375
0 0.41875 0.60625 0.04609375 0.5859375
0 0.4703125 0.6171875 0.06953125 0.53203125
0 0.57734375 0.6328125 0.04296875 0.54453125
0 0.6140625 0.6390625 0.0484375 0.57421875
0 0.66953125 0.640625 0.07265625 0.675
0 0.7453125 0.59609375 0.11328125 0.8078125