3 0.221875 0.209375 0.04765625 0.0765625
3 0.459375 0.2546875 0.075 0.0328125
3 0.55859375 0.228125 0.075 0.1015625
3 0.83828125 0.23828125 0.0859375 0.08125
1 0.15546875 0.51953125 0.05078125 0.0828125
1 0.31953125 0.53046875 0.08515625 0.12890625
1 0.6203125 0.58125 0.05625 0.10625
1 0.484375 0.5984375 0.08125 0.146875
1 0.77265625 0.51328125 0.08671875 0.109375
1 0.90703125 0.50703125 0.04765625 0.08125
0 0.253125 0.50859375 0.2203125 0.83984375
0 0.44296875 0.39921875 0.16171875 0.64296875
0 0.55234375 0.54609375 0.21015625 0.90703125
0 0.8546875 0.4875 0.20703125 0.82421875