3 0.00625 0.515625 0.0125 0.04921875
3 0.03984375 0.47109375 0.0171875 0.04453125
3 0.3 0.31875 0.0578125 0.11796875
3 0.56640625 0.44921875 0.0453125 0.07578125
3 0.7984375 0.38984375 0.0390625 0.05078125
1 0.3453125 0.8546875 0.0546875 0.1046875
1 0.48125 0.753125 0.0421875 0.03984375
1 0.53671875 0.7890625 0.06640625 0.10234375
1 0.65546875 0.9734375 0.0515625 0.04921875
1 0.91875 0.9296875 0.0578125 0.13125
1 0.746875 0.85 0.0390625 0.121875
2 0.309375 0.27890625 0.08359375 0.1
2 0.56875 0.4078125 0.0625 0.05078125
2 0.7921875 0.34921875 0.05234375 0.04453125
0 0.2296875 0.5703125 0.2359375 0.85546875
0 0.0578125 0.68203125 0.10390625 0.621875
0 0.56328125 0.73359375 0.1984375 0.52421875
0 0.84609375 0.61015625 0.2421875 0.76640625