1 0.19296875 0.6203125 0.06796875 0.090625
1 0.2671875 0.89765625 0.07734375 0.11171875
1 0.51171875 0.60078125 0.0890625 0.0921875
1 0.82265625 0.4234375 0.04296875 0.05625
1 0.87109375 0.415625 0.06640625 0.08046875
3 0.703125 0.1984375 0.05390625 0.0828125
3 0.09921875 0.26484375 0.090625 0.08828125
3 0.42421875 0.3578125 0.10625 0.09375
3 0.91640625 0.22890625 0.0640625 0.05625
0 0.15859375 0.53828125 0.30859375 0.921875
0 0.47265625 0.56875 0.4078125 0.8484375
0 0.7046875 0.4765625 0.253125 0.84765625
0 0.88359375 0.534375 0.221875 0.91171875