3 0.26171875 0.3046875 0.084375 0.1703125
3 0.46015625 0.3046875 0.06875 0.115625
3 0.6953125 0.3765625 0.04375 0.08203125
3 0.91171875 0.41796875 0.06875 0.08828125
2 0.4671875 0.2609375 0.0765625 0.07109375
2 0.909375 0.3734375 0.084375 0.09921875
1 0.36953125 0.5359375 0.1578125 0.2140625
1 0.45 0.60703125 0.09921875 0.159375
1 0.47734375 0.71171875 0.08125 0.1703125
0 0.19921875 0.49453125 0.39765625 0.9890625
0 0.4640625 0.546875 0.209375 0.8734375
0 0.74453125 0.55234375 0.50546875 0.8734375
0 0.93515625 0.44765625 0.125 0.4453125