1 0.75390625 0.87890625 0.075 0.12265625
1 0.33046875 0.61484375 0.10859375 0.1703125
1 0.51015625 0.41640625 0.05703125 0.10234375
1 0.7765625 0.26015625 0.05703125 0.0953125
1 0.7265625 0.3015625 0.0296875 0.0828125
1 0.59296875 0.25859375 0.04296875 0.07265625
1 0.6296875 0.3171875 0.03671875 0.03515625
3 0.59453125 0.7625 0.08515625 0.08984375
3 0.1734375 0.12109375 0.11015625 0.1375
3 0.4 0.1875 0.0796875 0.08984375
3 0.6234375 0.1640625 0.046875 0.05234375
3 0.76171875 0.13125 0.05 0.0625
3 0.58046875 0.4625 0.0484375 0.075
0 0.1421875 0.58125 0.284375 0.8125
0 0.36484375 0.60390625 0.23671875 0.7875
0 0.615625 0.88125 0.36796875 0.22734375
0 0.7828125 0.3953125 0.18203125 0.48515625
0 0.61171875 0.2578125 0.1734375 0.1296875