2 0.80859375 0.25078125 0.08125 0.0640625
2 0.68828125 0.23984375 0.07578125 0.05625
2 0.52890625 0.28515625 0.065625 0.05390625
2 0.459375 0.25859375 0.05859375 0.06875
2 0.37109375 0.26328125 0.07109375 0.06015625
2 0.26015625 0.24765625 0.0796875 0.04140625
3 0.265625 0.28359375 0.0640625 0.06015625
3 0.3734375 0.3109375 0.04296875 0.05625
3 0.45703125 0.2859375 0.04609375 0.04375
3 0.5328125 0.32109375 0.0515625 0.04375
3 0.68984375 0.26953125 0.05859375 0.04765625
3 0.8125 0.27734375 0.0515625 0.04765625
3 0.1421875 0.23671875 0.04453125 0.0375
1 0.20703125 0.72265625 0.0546875 0.1515625
1 0.4109375 0.66953125 0.065625 0.0953125
1 0.42109375 0.65703125 0.065625 0.0703125
1 0.5875 0.7046875 0.05703125 0.125
1 0.8265625 0.79453125 0.08125 0.1578125
1 0.64765625 0.55078125 0.053125 0.1
1 0.68125 0.46640625 0.10859375 0.08125
0 0.21796875 0.57265625 0.159375 0.8375
0 0.34765625 0.58515625 0.21484375 0.8125
0 0.45625 0.3328125 0.115625 0.3203125
0 0.55625 0.5921875 0.13515625 0.7984375
0 0.67578125 0.56953125 0.128125 0.85625
0 0.8359375 0.5640625 0.2109375 0.85859375