2 0.40234375 0.2390625 0.084375 0.07421875
2 0.521875 0.303125 0.078125 0.05390625
2 0.68828125 0.30390625 0.0828125 0.096875
3 0.40078125 0.18359375 0.06328125 0.04296875
3 0.52109375 0.23359375 0.06640625 0.0953125
3 0.7015625 0.24296875 0.0703125 0.1171875
1 0.25546875 0.9109375 0.0609375 0.17109375
1 0.58359375 0.87265625 0.040625 0.14609375
1 0.734375 0.9328125 0.06171875 0.12578125
0 0.33515625 0.496875 0.2375 0.99375
0 0.53828125 0.51328125 0.1625 0.94140625
0 0.70390625 0.51875 0.2796875 0.95234375